3815
3297
1176
3254
1211
3320
4178
1938
2978
223
2758
30
3849
2769
2441
2493
4081
3632
4293
1330
2062
1026
3590
2702
3888
1448
1103
3906
2160
4217
1586
374
2164
420
78
2948
2666
131
1892
1132
4062
4481
967
722
754
4027
896
4365
2970
871
3868
2994
3315
1476
319
2816
3265
1567
3241
2147
3108
3565
1217
4359
1130
1500
4088
3342
1087
2074
2590
2004
1316
3451
386
2570
2279
759
1732
1836
473
274
3105
1550
2915
2283
3720
2897
679
347
471
2868
3150
3864
1045
1660
4143
3322
1803
2954
2376
812
2141
3524
279
3766
2508
3149
4110
3512
3253
922
4170
2025
857
4138
4474
875
1255
2286
3427
1562
3538
168
2137
2049
2225
2532
1238
265
578
841
4363
3447
2522
98
4221
2669
1177
1699
2159
2556
2497
2939
3930
1782
3269
418
4409
104
2681
1880
2424
1388
415
4412
4353
2895
4164
2442
204
1335
2647
3500
4431
4399
4369
1593
2676
3367
4196
1365
709
326
395
282
3698
2938
876
2916
1067
1721
4495
1920
1455
585
1387
3431
1306
1634
2418
1496
2362
4437
3428
764
3386
2773
3056
2668
4444
3256
2124
750
951
4433
4430
2898
2530
972
4334
1795
1741
2711
3407
2292
3189
849
3940
1861
3298
1230
1642
28
1220
2471
1372
1202
580
4424
2484
2630
416
2405
3195
1422
4240
4112
4357
432
3355
2586
1613
1865
3212
2363
3723
17
986
1427
3290
4145
1889
4222
3667
501
826
2704
3784
3603
1491
1996
2725
94
1272
406
435
851
1930
2516
1490
1419
4386
2710
3795
2498
3894
3957
3197
1412
194
1452
1530
1662
436
663
1358
544
4067
2855
1684
3101
747
4499
2467
1677
2270
1742
2073
824
1447
3077
2100
990
4382
2874
1793
426
120
3326
2284
788
160
923
3492
3129
3387
2963
2360
384
1696
1975
4449
113
3208
1151
2135
4458
947
3887
2985
4014
2486
1374
3525
3848
2235
3777
2993
44
3496
662
3268
929
2608
2851
1229
956
3708
1816
1673
2041
43
4146
1652
3944
1508
2246
4429
988
4174
1166
2538
3826
3991
2909
2322
2002
577
832
2712
3714
2114
2407
1423
1338
2158
954
490
2341
684
4202
3246
3064
2070
2511
3403
1706
2804
2677
632
329
21
2409
4225
1919
178
4243
1416
1966
1009
4400
1326
903
31
1069
1921
196
1449
2210
1581
1181
2332
1667
1815
2289
4204
794
1296
814
3194
1347
4149
2639
1244
1666
933
1267
3623
108
258
3328
1186
2987
40
1313
3900
3534
3942
3487
748
1962
1004
801
2241
1249
2515
795
1858
2913
1533
2736
2846
959
481
1108
3996
2961
3634
2655
1481
3493
216
1349
3067
463
784
4493
2064
3224
3869
3316
3282
3636
3044
945
4303
3390
354
4451
4301
3645
3920
2717
4227
3024
2512
4154
2391
2944
2592
3672
2200
1224
2503
3857
4487
3718
938
2001
1941
919
3962
208
3685
2761
1841
1269
2029
3070
3266
1933
3202
294
346
2591
4152
3660
2304
652
83
2355
65
858
3141
3663
3530
1027
3323
3907
3670
836
4168
3737
3177
2699
70
2324
3627
2247
2912
3827
2631
1556
1849
3984
3071
657
3270
3483
3422
3
1697
4004
879
2618
3276
1410
4463
387
4486
3656
172
161
1384
3147
3927
2193
3272
2869
3539
4352
3460
3842
1973
2956
3733
145
1622
3902
3036
1796
2329
678
1245
2580
521
4242
2107
3287
1614
2017
3482
3850
692
3000
677
4000
446
2866
2714
1250
3088
2747
1845
425
499
1915
1943
2263
2979
1560
4050
2138
86
3188
3788
1935
2136
3823
2917
2072
364
13
2729
272
1838
2664
3421
1311
1102
3312
3937
948
1417
4251
2396
3668
2378
1984
2466
2793
1366
1956
1651
538
4021
3655
143
3391
2177
3683
2227
3880
924
343
3330
3104
1830
1003
3371
4124
1182
3353
1968
2947
340
4284
2300
912
1307
2165
3076
1404
3931
545
893
920
4219
4008
2784
1528
867
1033
2312
2381
2173
45
3309
2622
2319
27
799
3257
813
4446
643
2325
916
2034
1061
3807
4476
299
2792
3004
1503
3953
210
3140
151
973
2281
2050
362
601
1223
2335
868
1590
1531
1751
1281
3896
941
4094
3544
3507
137
4030
1121
4442
2426
4253
957
2327
555
341
1299
4247
4496
4245
1301
1005
2640
2315
866
237
1825
482
360
611
4271
2382
649
3824
218
974
902
3783
109
11
115
2505
769
3769
351
1863
1664
4395
2132
2499
2603
3039
3159
4260
3014
4336
77
257
3969
926
3577
2171
3119
2595
4206
2076
2492
4314
4086
1655
1798
1278
588
1986
1989
2620
1525
2561
3173
3127
439
2929
4296
1536
3264
1397
2636
602
823
2663
1137
1456
3134
2366
3232
3730
3432
1266
1963
3225
3277
2432
2510
4472
67
1961
4318
2133
2389
907
2781
2302
4044
1765
3712
2780
3716
930
3926
289
1011
931
870
4322
2119
3909
118
4282
2494
1983
1512
2905
156
2469
2061
727
2095
566
1188
3081
3383
1426
2943
963
2593
4323
1092
383
1175
636
195
939
1140
586
2234
255
1995
4159
1596
3832
3746
345
1695
1371
936
392
1789
2844
1431
2392
597
3181
4338
1552
3646
2986
2139
2537
359
444
4047
375
4440
2716
1106
3167
3131
3757
581
760
3466
353
1068
3508
3537
2705
3916
2583
1778
2170
2829
1835
4140
2812
980
3144
3473
267
639
3242
1289
2632
1429
1398
2093
4151
3870
1125
686
743
1091
706
1499
2735
2026
2453
2733
4267
2799
3344
3435
2924
306
247
2368
4053
4389
4132
1918
1023
4190
676
1029
3154
225
1150
3935
4188
2084
1792
4166
548
1504
623
2055
1320
576
543
296
2197
3589
1891
1599
2457
419
806
450
4103
2194
3605
3738
683
4385
457
1292
3979
2078
2990
2802
1047
4348
2875
3291
1172
1357
3347
589
1119
2772
4373
2394
268
4302
1124
3840
3107
146
2343
1760
2751
1055
1857
2741
2265
1361
3121
3464
3001
1139
221
3750
997
1436
1714
2700
3647
1257
1763
3090
3280
1165
2172
1546
36
1716
4308
2428
1035
4405
1907
252
58
942
607
166
1206
128
2273
998
1780
3305
4028
4070
503
349
2577
3932
4137
1756
1495
932
2934
1318
3160
1992
1066
2650
634
1464
3409
1339
1881
2952
1617
3193
1571
4445
810
1237
2542
2974
1168
2280
236
4210
4374
1195
405
245
2043
2175
2451
2629
2752
2414
540
3854
3536
510
3179
332
64
2584
3041
12
3381
3199
3255
489
2778
504
968
2242
4398
3002
2615
3055
2790
2277
3490
2458
3950
2386
2027
4013
2077
3838
791
3444
391
1862
134
1579
381
2375
3734
1621
4456
4049
363
1733
3954
536
3365
1327
1603
201
558
668
484
3793
2491
445
731
2835
2907
2834
3010
1390
1574
212
531
1280
2740
3739
4286
1771
32
2552
1020
3967
1846
2036
514
2333
3635
3008
3398
4114
2402
2461
2464
4075
3963
3332
1494
3341
3762
1762
304
2881
3744
693
4157
1801
1314
1309
4287
1466
2596
1520
4133
1264
3262
2207
1982
2347
3362
1702
1899
2966
1641
771
2383
798
1451
2090
714
2003
2446
553
825
855
2101
3693
4383
3871
276
1315
162
3098
2785
2887
1109
3731
4425
197
275
1198
3187
475
1582
3914
3063
4061
3616
3704
1343
1518
1700
2853
2011
2820
1221
2447
4266
2260
3467
1391
4362
2698
628
1111
1007
1529
2091
2438
1572
3321
2824
164
3133
631
2462
3389
1887
4189
3334
2839
1392
4089
460
371
1843
2910
2642
3392
1169
4477
2507
3873
3866
3437
3628
2803
885
3231
3100
3443
4368
3705
2288
1775
1553
3415
3059
2644
4208
2291
3009
1665
4475
1883
718
2364
1981
4273
1159
3743
240
740
3294
2809
1059
2196
1285
1717
3327
3370
3217
3146
1743
183
1154
1557
135
3196
26
66
2182
3610
2123
3378
4344
1362
57
4033
2665
3357
3109
1242
1854
1600
2819
888
242
1234
126
2977
105
697
2454
2718
3859
152
3585
2797
1682
1753
1736
2607
243
1878
1661
4364
2531
4479
3895
4304
3531
3745
2249
3576
2795
1143
3405
2696
2814
2965
3336
2012
469
3725
2134
2218
1668
3220
2045
1433
3453
928
356
2033
429
1635
3477
2827
3724
3048
1152
103
4298
3579
1235
1054
3445
29
4410
910
1636
2190
2219
1477
1113
3138
2008
1432
899
3820
4321
97
2103
1460
3274
1378
2105
847
3029
1610
2739
1411
321
3206
2443
447
1461
682
3917
3485
3809
1925
2589
1516
295
3682
3883
1454
3300
976
3703
603
761
533
2211
3946
3417
1976
2209
4255
256
4337
4031
1632
1940
2646
3066
3184
269
564
2969
846
3933
4212
3961
2228
4125
3306
410
1532
1893
4384
150
2588
3567
2690
3601
1827
2903
38
2374
763
1368
3998
368
1393
1252
1484
3228
3118
2489
2275
170
3151
3779
751
1592
860
1046
3115
1543
3528
458
2278
1729
1208
3455
736
3012
3836
2233
4003
1703
2928
1489
1787
3548
2256
2832
3835
2787
1797
3543
3095
1688
2921
2013
3281
2635
1379
2873
2959
4186
2858
3474
3296
3176
1367
2495
1051
4311
815
264
4489
3661
3423
3038
3710
1548
1810
2720
1077
4448
528
253
1831
4065
4432
3161
2266
573
200
3497
3948
4411
2569
2258
1589
39
4169
2645
3828
3763
666
2440
1369
2989
1597
101
2502
2411
1204
449
2474
4351
430
1034
2276
2019
2958
1971
2126
2709
4010
3006
781
1594
3130
1894
4195
1131
1126
3563
3005
3338
2504
2732
1951
2240
2703
4439
1647
509
616
53
1071
2864
1730
3845
1692
1016
3841
2660
4022
3215
3586
2742
3069
2118
4090
465
2762
480
4393
403
4244
1214
495
1993
3994
2960
2465
853
569
3086
2152
181
1630
2911
3124
3351
3452
3554
2487
783
270
2734
1724
1538
1555
4093
4371
3825
1191
3893
3831
4263
100
1670
2214
2619
915
3510
4491
2129
2083
4381
2345
1480
49
1834
3456
3267
3791
4011
3821
2982
2973
2786
1847
2514
3295
2018
3245
2404
2546
1082
1465
3522
556
3218
322
369
314
2932
3364
1783
3886
2715
220
2320
2403
1260
4306
530
1161
3331
3639
2400
4026
1472
979
2251
1817
3275
467
1450
723
2472
4290
3945
4207
863
3976
3499
4309
2305
790
1856
987
4300
1133
4237
382
1469
3068
4121
472
3925
3517
106
883
3732
324
373
4025
1076
442
3593
4258
233
336
1317
3689
308
3595
3013
2067
3015
3970
4295
1640
3373
1344
4265
1917
614
4333
3607
2436
725
2222
3751
307
2791
2933
4122
3186
1822
3796
3424
291
2264
2610
658
2688
2037
2097
3625
4317
1199
7
4016
3631
2544
3498
694
3615
4281
2950
2223
2385
4118
4096
2980
735
535
2782
3425
664
707
1276
3681
1903
3721
1656
1908
2675
309
2203
1959
2096
4482
1210
4148
2957
3715
3157
3748
1980
3640
4268
260
1680
1644
3532
596
2354
518
1906
3111
1346
508
3116
2992
3771
3356
2892
2617
3776
3414
2179
107
1036
803
1453
762
116
1708
19
2562
1413
4042
163
796
2931
149
3652
1096
3152
3166
14
2346
493
2339
565
804
3333
1964
516
3558
2238
3087
3875
908
1135
61
637
4063
3578
2357
4417
2393
2605
852
3145
2597
2501
3678
1808
3955
2560
1236
2318
35
878
2198
2930
1406
90
1904
4422
3872
3638
537
892
1764
4380
3891
1715
1136
2830
3065
3699
2459
4052
93
2602
604
3816
3861
2287
1271
3956
1226
8
2479
3588
4214
653
3219
494
1595
2369
1275
612
3566
1755
2585
3653
2445
2122
2296
3028
1415
1120
3968
961
4069
4171
3091
2798
1757
1704
1521
1800
357
190
2021
3918
1085
2543
3506
3526
2611
848
248
1527
2756
249
2600
2195
3798
1115
1658
2891
2108
782
1098
1184
4325
4455
455
3399
4177
524
263
934
3388
3691
807
119
4074
3822
2212
3666
254
1482
4102
2477
2750
3495
3995
1722
1932
4079
1991
2902
2771
1686
3117
1298
4041
1093
63
1712
2399
3696
1287
2877
2988
1458
3677
1601
4006
3448
3314
1201
3441
1923
1414
3575
251
2140
4139
2181
1118
3921
1057
1842
4056
1141
348
215
1215
2022
3062
2309
3310
665
2488
655
2694
2406
1239
2390
3214
147
3527
2176
2308
4262
3244
1872
2765
2686
1325
4055
3380
2039
1639
404
2633
3376
720
622
1953
4297
1134
1310
742
969
3711
3488
882
2086
675
1726
3442
2755
75
830
1277
4100
1965
702
786
4187
4396
1435
4173
2684
192
1063
4141
466
756
1251
1657
891
4216
3273
3472
3249
2845
1138
3568
2524
1719
2506
1209
3700
3043
193
2886
1773
3462
2130
3535
995
3923
2576
305
3983
284
3033
1819
234
2398
724
3395
2997
2953
133
4007
2935
2625
3084
4126
1888
2131
1663
1772
2313
3190
3339
3860
2601
76
3518
3404
1032
2567
82
1328
2057
691
34
721
3061
726
1785
3258
3876
3243
4415
2323
512
2920
4213
4156
2550
1015
1127
673
773
660
214
407
1107
895
4071
3454
3227
2010
2614
1537
159
1879
1766
2885
2738
478
3729
2092
4312
2753
3420
534
3359
313
413
2896
845
298
617
3288
4275
1396
4277
950
1364
659
2252
3207
246
1994
3630
1203
1972
3960
3093
4461
1896
4229
3947
3324
2808
3438
3727
244
37
1824
4454
767
4017
3484
4330
2880
139
992
2169
1321
422
4341
2388
579
3337
1185
311
3675
940
4120
4158
713
3792
4083
1659
1535
2028
1013
3786
3350
2936
749
3799
148
4375
334
3318
175
1748
2020
2053
2420
1568
609
1086
2653
4413
1395
4256
2342
0
3919
2667
2311
2743
2991
906
486
3271
1297
4119
572
1519
1649
3505
412
744
3027
4319
4181
176
317
1605
4043
1949
519
618
3648
4236
1648
2423
792
1459
1084
1160
2806
4387
1350
2416
3198
4490
4401
900
1946
1049
2962
136
3025
523
4192
2262
1502
1761
318
887
1615
1403
4197
96
3285
2470
3503
4077
4379
2216
3756
1671
1114
3834
3433
1707
1183
1446
3049
1492
4361
3343
4116
741
2517
1606
2859
4163
2509
515
1922
2111
685
4218
3110
1259
1990
2587
2372
2893
872
2248
827
1475
3261
1053
4082
1809
2926
755
4228
1526
2314
1947
778
2232
1767
1513
443
2058
3463
4155
2015
865
2604
2904
1676
3520
701
4002
4438
1643
2849
3011
434
2166
437
1561
1823
158
1855
1611
993
624
18
1987
904
4162
4144
2261
2776
712
3617
3026
971
621
229
4264
452
1654
1037
2871
3695
4327
3374
1873
1470
1587
2520
3904
864
3550
4108
398
1440
1060
958
4498
2945
3230
2691
1194
396
377
3434
4172
4276
696
1158
2192
772
492
2307
1619
2972
2056
861
459
3470
411
2351
3654
50
3609
3812
339
3556
1882
3301
656
2384
1462
485
1926
1937
3582
327
3123
2555
1348
379
3657
4406
3571
2975
4280
2643
1437
2876
3394
474
2094
3074
1866
839
488
2558
10
2186
3286
975
2523
1860
1776
4462
1444
1604
3236
1353
2184
1064
1777
3513
625
1014
4045
2180
3905
3898
1807
1065
862
3475
173
1844
3384
3941
2226
4019
3020
1638
4358
54
2730
23
560
3592
549
2553
2244
627
3103
557
1179
1304
1170
4484
1192
1425
3794
2937
1689
2106
3549
4193
715
3814
1713
3329
3740
1624
1383
2046
2434
2582
3283
24
2823
2726
2659
3701
1876
730
2282
1877
680
3569
448
3363
1626
921
561
3768
780
1853
3707
2847
3284
728
1616
4329
2843
687
1806
3523
2535
4356
775
2337
1681
3047
1631
1145
203
3156
2551
169
2860
1727
2316
1227
1187
2707
1952
2112
2444
1038
1434
117
2760
2014
3844
3754
4046
1563
157
3542
2328
1144
4085
224
4161
1265
300
1164
3765
1360
358
88
527
2310
2774
2201
4058
3122
1010
2379
1002
1790
2439
4288
3515
2693
4315
2224
1043
2156
140
615
1312
2805
250
1734
1078
970
1874
2621
513
3529
2852
2689
1749
2220
4402
3924
551
777
2243
1101
4009
2475
1099
48
1678
4355
1467
433
3986
2626
1672
3429
2425
3509
3611
964
1216
645
3890
1222
734
3997
219
3614
2191
3773
3223
1493
280
3781
1253
1997
3022
717
114
3226
2526
641
80
2102
283
1418
1859
1268
3580
1421
3430
2609
3808
3591
1540
3489
3758
3952
3662
1637
1302
4259
3782
1420
4278
42
3099
3247
2338
487
451
3054
3393
1359
3352
1588
1336
4203
1936
3626
206
3211
808
3037
1052
1122
840
85
3369
2841
2826
3901
965
1718
4441
3172
2817
828
2150
1488
2371
3547
1351
1931
3018
3073
3178
1331
3250
2401
171
3604
390
3613
2370
3045
3561
2151
811
4073
2481
3078
394
2427
3252
2031
1073
2528
3213
3440
2573
1645
1723
199
2749
1058
644
2557
3980
2047
1286
4104
539
955
1373
4239
3308
2521
1156
3971
2153
1957
1219
4128
3319
3170
745
570
1483
1430
213
3862
833
3973
1205
4123
3819
1305
2259
898
310
2221
2117
3191
2925
3560
2649
633
1112
2000
4037
2110
850
2361
4199
277
3830
1944
4072
365
2290
1270
3801
4261
822
3128
4233
2671
2757
3813
918
1018
1511
3981
4234
2349
2840
3676
423
2777
2052
593
962
2295
3136
3479
3501
1633
3292
2206
1463
2480
2128
4087
541
92
1100
1129
1746
4457
1547
1345
222
3125
2863
946
3494
869
3943
4252
4418
441
2723
4423
1781
281
1263
380
1750
4134
59
1551
3658
3573
3853
552
3958
3874
141
1534
202
2326
184
2801
81
1246
2836
4346
3599
568
3692
873
1912
6
3722
3684
757
409
1774
3053
1097
2768
729
2692
1628
3913
1650
1352
4001
1620
4478
2942
642
1709
2770
3557
41
3767
302
259
3787
1153
1967
3852
4232
3843
507
681
4468
2087
2293
733
4246
3650
3153
3910
1256
2900
3706
1089
4115
4176
1148
620
3175
1623
2
393
2060
1820
638
2981
1901
51
890
835
2450
69
3457
647
2040
3597
3697
4048
2568
4450
4066
4160
4394
238
3817
1578
2500
3377
1104
4092
935
1608
719
2380
1735
290
4435
2099
1955
859
982
2340
1332
2598
3168
1197
3416
2701
3085
4038
599
3785
4397
1300
4471
428
905
4091
3846
3863
3990
56
2104
4416
2163
2745
3989
4198
4153
3361
2527
3413
1837
2236
787
2722
1031
227
1691
4040
476
3641
3775
3606
1804
2079
2800
3555
2410
1911
286
2890
2539
1498
4127
142
651
3881
2306
505
2075
4111
2574
2813
2794
2651
4497
2204
670
2023
2187
703
2205
3016
3408
1443
3856
2779
4434
1580
4469
2066
228
4238
889
546
111
3584
427
231
500
4179
3304
985
144
4167
3162
180
4419
710
3221
2884
506
2861
1523
3966
688
3761
2673
4447
3481
1258
831
1942
1542
4340
4349
1079
1486
462
4467
1928
3132
3106
4
2082
3137
4230
1273
4209
2563
2157
2359
842
1240
4060
3017
2713
1998
4142
491
3263
2167
3702
592
2408
574
2483
288
575
424
3912
3142
155
4459
1685
4226
4328
3051
3993
1147
984
4376
2721
2348
1524
2559
1886
2127
1897
3922
3847
3406
205
4289
3975
1389
3238
4466
2571
421
2377
2652
3205
3083
4274
2822
1375
1070
2984
1710
3802
1625
1864
1088
388
977
3052
129
62
2417
72
2606
2648
333
901
1146
335
1840
3436
1868
2547
661
1669
4310
3719
4465
1337
3911
3092
167
800
770
1408
981
239
4084
3358
3185
4370
1602
84
837
1501
3949
1728
1274
3574
1927
2269
417
1609
1284
4135
2080
1081
4024
4279
350
2054
2301
1725
4313
1924
3596
399
2188
2634
1575
3649
3235
3396
1039
2661
2048
4436
3468
2674
3325
235
4200
1439
966
1322
1247
20
3865
1340
1939
2955
3764
2545
650
4404
2968
1954
1030
1075
3673
1848
3753
3587
1554
3222
2431
2889
3419
2162
2199
2842
470
2627
550
4005
2518
330
1457
3772
1598
479
2035
2662
2658
2208
667
4360
2485
2575
3400
130
3709
1394
2356
71
4015
2998
949
1948
4343
2303
1044
3233
3521
2967
4488
1759
1812
414
511
2727
2202
1870
4106
1006
2923
820
3713
2024
3679
1409
4249
397
843
2071
325
3311
2350
2833
2731
2478
3540
2460
3046
3818
2946
1851
3545
1487
1867
3674
2850
4326
2656
1885
3114
3446
2964
582
2120
917
3600
3622
3032
605
1402
854
3034
2030
3659
1024
2482
110
3829
1910
3800
4064
610
1549
1850
525
1745
1566
2914
3279
2473
2872
3805
1769
758
1290
3174
3770
567
1740
1905
829
2456
2044
4305
542
3504
1334
2697
123
4057
2006
927
1445
2554
1288
3972
3726
591
186
613
2189
1687
4285
1576
738
2422
3851
4241
3680
232
3877
911
2807
600
1095
1720
73
1021
3126
3620
3987
287
4426
3021
4324
1333
3533
4194
3688
894
477
323
1231
3915
4215
2865
3165
1174
766
4095
2728
2272
4388
3562
1541
