4276
1767
1817
2886
4132
569
376
3030
3813
1570
2819
1255
3130
3449
1242
2818
3028
3747
1839
2492
1303
4112
3005
2872
360
496
1218
3395
257
111
2144
3615
1484
2134
4208
1135
3000
325
1970
2111
3057
1953
2051
1737
1966
1593
3847
1211
4431
1710
4222
3594
1362
548
1712
3629
3165
547
4028
451
1424
626
2228
553
4320
3466
1433
541
95
3332
730
2509
2154
2803
4365
3506
1357
2031
3661
2547
3852
1853
4440
3936
1426
1488
3337
3508
3553
2930
1350
3264
1320
3806
4130
914
205
664
3052
2215
1470
3367
3315
4401
1671
4096
923
3262
419
561
1019
1893
563
1754
2151
3986
803
105
89
2278
3488
3583
682
4423
2370
951
621
1969
3159
2405
492
2372
4409
3084
3777
2595
757
110
4449
3464
3901
2903
874
3656
3226
309
1013
1404
4196
1238
3487
1934
1544
3697
3482
3330
3095
895
4420
3279
1579
3485
2942
3115
2349
2416
3194
1727
3324
439
118
583
2766
826
2461
4476
1994
2386
200
3473
2902
1481
2219
171
449
3080
2592
2377
351
2298
4015
3008
1276
782
1596
1396
2679
270
3976
400
1478
3040
2874
206
112
1381
1777
3662
40
2441
2770
2105
2053
107
2869
450
3652
3377
2740
1794
1058
3925
1060
3457
490
3531
722
1083
77
1428
1532
1173
2306
224
2358
1540
2911
3893
2238
996
65
144
1873
3861
2824
3691
152
1735
2200
4261
418
3342
721
4471
3881
1038
137
3304
4361
3500
3104
2442
1624
1385
4018
4376
3623
946
3768
3389
3114
3156
2124
1738
2470
866
39
3533
3599
853
1082
2467
1395
2838
2005
3698
411
1314
2856
1675
2522
4030
2012
4369
2099
930
1195
3856
1289
1641
1750
1451
453
1053
3131
3372
2355
2262
3606
4001
4181
2413
3246
3655
3588
888
4010
4003
2240
2537
1412
2186
3842
4224
1064
3880
1163
2322
2191
4146
1936
308
4159
219
4151
1924
4474
4248
1948
1228
1789
3546
3059
2702
992
2954
2596
3686
574
1506
199
2594
4343
3079
2786
47
2478
1202
3082
2480
4119
2326
195
3748
2757
4285
479
3857
2814
2371
3132
4211
3642
4172
786
3883
4424
2815
3720
568
2817
1170
4107
2393
3189
518
893
1571
3197
2412
3493
243
2941
2283
1609
183
4397
2611
650
3678
1909
1917
3636
16
1783
4375
2040
4094
912
4082
809
932
502
1742
2991
261
2969
819
4074
4113
3811
3363
1559
3709
1852
4002
3227
1196
3951
565
855
2367
999
3295
3645
4124
645
4253
4299
254
2421
3916
420
4045
1024
353
1133
1284
1072
2407
2923
3910
4008
427
2608
38
367
1480
3314
910
2132
300
1009
858
1239
1996
3142
1301
2683
4310
1895
1510
2241
2708
4044
2001
4433
3778
1876
133
2065
184
2148
1595
3223
2514
2299
3665
2486
2465
746
1514
2635
2476
2654
1194
2905
1776
2143
3477
1682
2782
4156
3972
3385
582
4203
1205
1485
2682
1575
4456
1344
2246
1715
4064
3217
4054
3121
1664
1592
1862
879
1366
53
164
1557
1137
3766
2464
1394
2516
3373
614
1549
4169
550
854
3835
3900
93
2603
517
294
3149
331
2013
677
2629
76
2933
1434
1836
1352
4351
3177
3247
3069
404
1654
2173
1834
4056
3308
2636
1733
3784
1891
1680
1215
2347
2811
3714
1197
3904
1872
2907
4199
1770
3454
2945
4264
1674
115
2388
3638
978
1768
3523
1504
2235
1246
833
2688
1928
1457
1093
3977
1697
543
1582
2248
1547
2321
2892
2949
2552
3702
4179
799
1223
276
1379
3419
3735
11
1880
4165
100
230
3072
2784
2768
213
4274
990
1800
3591
638
3614
1462
3643
2759
311
3230
3948
1139
1498
3741
162
2674
1932
761
1959
1051
236
3786
2261
2070
1416
1892
2368
3112
1461
151
1483
981
610
4281
99
91
1077
688
2623
1057
1006
2961
1866
3690
3512
2098
2083
2524
2829
3494
215
4277
4117
1797
2622
846
3641
2980
2705
1723
3586
2574
751
1900
4413
4389
3610
1986
1765
524
2222
3336
1580
1963
619
1897
3293
220
2788
486
25
2063
288
4197
3582
69
4206
1965
2419
3646
3478
2114
3045
2693
2745
2145
883
2597
3162
868
3297
2895
2975
3776
3283
314
1043
295
1397
4342
4126
2069
3527
117
613
3253
169
2179
3999
1050
792
4326
3387
436
3024
350
3673
297
250
1831
1292
2008
4057
3158
636
1156
1206
473
1281
465
2813
1781
956
2947
1321
801
3122
2296
1291
3863
869
2495
2899
80
2881
4358
2661
1560
1584
174
2025
3947
3818
1720
4292
4214
2436
500
3350
4262
1687
1274
3117
2573
1512
3205
2028
4333
768
2002
3451
3017
595
1400
4393
1008
2268
3116
4125
2036
1718
1814
4012
3516
808
630
3109
814
4022
415
530
128
1248
3006
3172
1807
2022
3168
84
2483
967
3140
129
1317
2275
3418
4223
2968
134
2459
4319
310
3647
2663
3740
675
1168
2922
29
2021
2987
2300
2698
3243
1845
2804
2857
2807
2043
3558
284
4387
3398
3391
1356
1056
2323
3139
293
2647
712
385
4306
975
4161
2758
881
2719
3738
1125
774
1070
3770
1954
1565
3765
1253
510
3578
43
1347
1578
4302
364
3474
3931
3383
3135
2167
2743
4481
3066
4023
4140
2280
1646
3504
1694
2515
3732
2408
2497
848
3333
2391
1165
143
3561
4428
2189
3164
3106
3539
709
4394
4170
2390
279
328
4487
2231
2446
1850
3756
497
589
2628
34
2201
2553
4095
1102
4363
1267
138
2357
1927
2970
2348
4458
3760
1078
4221
3450
4491
1678
3945
2956
1501
3345
3964
2153
2901
2544
3726
3167
887
1187
1898
3882
534
1751
4307
3767
3829
1993
985
3590
4489
1178
2686
2250
2794
3909
4429
2731
2218
493
3819
1607
1425
3799
1141
3092
2252
633
919
3987
3334
1015
72
2978
573
42
2392
3724
4282
1542
278
106
3406
1136
1042
4368
3961
1533
2566
239
2533
2518
2260
1271
3278
4137
247
4416
4013
521
1259
514
944
3713
1207
491
2353
1829
750
3692
422
3679
3339
2898
954
1740
59
3427
4432
655
1724
1599
1699
3105
87
2841
1567
4366
3498
3193
3208
1319
3163
3790
390
1940
2303
3465
945
2896
1275
60
3575
3731
2565
4493
2210
3390
3719
2548
2212
1760
1200
2195
3481
1454
4340
2118
1788
2549
1193
2545
1861
716
2456
598
3619
1523
397
4191
1329
4322
901
4167
2384
907
178
2937
2797
2435
3701
1313
2445
3751
3382
4215
2379
2685
3630
3695
2853
2640
3991
3667
1980
1667
2657
2066
2852
2684
1113
1437
570
3836
2521
348
1791
4073
374
3511
2744
4239
1732
2328
101
2982
4486
406
4291
2998
2704
1660
2312
756
4454
1020
3146
660
1626
2735
2918
2928
362
691
2812
3235
3469
2783
2676
2324
3285
1741
1302
1162
463
246
1040
926
2356
504
4252
3715
1752
3484
3155
822
1349
1755
694
3175
2995
2709
1716
1075
3949
3621
4345
3318
623
116
1988
2706
2787
4025
601
2117
2455
1226
4133
2340
1358
2579
3123
1713
1552
1235
320
4063
3187
719
4115
2308
2500
2576
3250
488
2424
3849
659
1859
813
739
3463
3284
2311
2061
683
1656
3020
2586
627
1377
2182
4143
3894
787
203
3425
3402
3026
3898
1123
3023
3098
3752
1287
3083
3550
4237
1039
3405
1759
2655
2584
2833
4099
1486
2396
2221
1782
2712
1553
289
4185
2458
3737
1545
148
1010
2430
1243
4037
4316
2791
817
1044
1455
2045
4352
1181
3519
4327
3684
3654
2188
4497
540
1534
4461
4284
2140
2427
733
820
127
4396
3326
3479
2846
3360
1812
1764
599
4356
3592
444
2027
2695
506
3844
1630
1691
752
878
3200
3905
1554
1332
4495
592
4131
457
816
1758
2237
2482
1067
974
2289
634
1975
1152
4280
3761
2130
551
3037
2126
4463
4187
4213
4152
2395
1091
1120
4245
2171
251
3224
109
856
1604
882
447
4032
4334
4417
1753
2425
1784
1942
2627
2738
2951
3128
2157
532
3838
1688
4381
2208
3932
1138
701
480
4382
21
285
3376
3833
1564
3808
61
2613
859
2331
1527
4184
4468
3728
2226
3009
1621
1331
1633
3980
1466
377
3379
3472
3800
1805
4383
898
1234
1848
778
408
2590
3313
2406
3289
4160
3913
3699
291
549
3416
3430
372
2868
2871
3133
1950
4180
4372
2351
2493
2775
2790
4136
2190
2199
728
1734
3489
212
4339
3907
186
3944
2472
2282
4295
567
3365
4297
4120
3693
8
3700
836
4091
2203
1612
1028
3803
2550
2380
4391
1439
197
30
1878
3384
3954
714
1499
98
4405
3031
3908
4
995
1251
1116
2526
3545
3585
3358
539
355
2113
1046
1167
1889
2016
3625
108
2125
2505
2000
1869
2906
1110
329
1049
4086
503
3791
1371
3933
1762
656
4273
78
1294
1967
2912
292
1731
1729
834
2123
335
3234
3316
2583
1095
3798
2373
1778
2487
3126
4065
3660
767
3869
18
2764
875
365
2305
754
375
2474
2561
3410
4228
1460
843
2024
3618
4254
3496
235
1438
4009
3091
489
4106
590
4182
2796
3979
2309
3275
3525
2511
3368
1670
2149
1469
3526
423
4235
3541
3717
3866
173
802
2007
3535
1459
884
3073
4109
2096
2078
2011
4090
4441
1998
1516
942
3967
1978
1875
3981
4354
3998
4232
2316
4364
2138
2877
1884
1824
4308
2615
4426
3325
3875
3272
228
159
1813
1079
1393
4336
1159
1925
3346
2621
1860
356
2529
4406
67
1370
3688
3552
1224
1669
1566
899
167
2559
1819
3044
3611
1231
1857
2648
3269
2571
3658
2633
3965
2616
3704
1468
1285
4225
4194
2048
966
1673
3311
3992
917
2866
2624
3755
368
3359
3975
2217
20
122
1806
1421
54
920
4078
2726
498
720
1979
1528
23
1828
3065
1518
3653
2739
2849
1296
916
1337
4118
158
2451
2971
71
1653
3922
119
2506
1023
1995
470
2908
3787
4321
2181
4071
1706
1409
3428
2128
2638
4145
363
437
2499
2466
3437
644
2253
2822
663
3166
3989
1155
2732
2059
2420
2974
3183
3540
150
3742
1346
747
1418
1714
1142
1856
154
125
2870
3952
273
3970
823
3627
1835
838
2823
2724
706
384
1212
3513
2859
1918
3096
3228
4453
3659
3797
318
2032
1021
2736
1375
275
113
2983
1787
1456
2414
248
3705
3921
2054
1799
4088
3605
1944
3644
2198
3544
1650
2851
2336
2659
4114
1076
3758
207
537
4217
3902
3380
2216
1693
1961
4134
3303
3626
1233
1315
3867
4246
796
4019
667
2285
1558
2479
3571
3816
3043
2473
2994
3757
1126
3828
2551
1270
4288
410
1769
873
324
732
4192
620
2952
4398
700
3276
1709
3559
3820
3850
2755
3431
2799
2747
3926
1298
3429
196
3349
1659
2836
779
4477
710
2656
2714
2477
4414
2172
3003
3601
3161
3896
2170
1655
3996
2507
1810
4149
4176
4043
1631
4259
575
3412
1353
1931
837
934
642
1348
793
3320
3716
3557
831
3257
4272
509
3248
1956
2604
2197
2585
2600
3483
867
2577
4268
70
1525
1164
3884
1747
3453
471
3772
3214
244
1
2700
2074
1830
2042
1048
3064
3014
1832
1945
2227
2162
4029
1117
1529
242
3102
3703
2973
1725
3094
321
1795
4335
2365
3876
3734
3231
2936
4055
1492
3744
1491
1282
4328
3822
2141
3486
443
1619
3934
969
4017
1849
2084
2734
4011
1074
1976
1035
1662
3119
3280
3918
3596
468
2806
3845
227
333
3255
2214
617
3458
3138
3351
2618
4378
4080
2867
1090
538
3830
512
3414
1311
4331
1256
897
2662
3507
3244
3144
3343
2855
1888
900
1407
2535
3124
1766
3328
1402
2038
3635
4050
1663
1372
3273
4173
262
1802
2716
3955
1535
1338
2589
3239
665
4077
2447
1730
3826
3063
2504
2320
1244
2802
233
1493
1808
3984
962
2023
4127
4437
1411
2187
2290
1405
3476
15
3982
2422
3802
3322
2469
1473
145
2387
4129
2164
2346
1446
2916
187
2049
2327
2598
3290
2643
885
1990
1299
3608
2165
2865
3554
467
1444
4188
3160
2251
2834
4412
986
1260
987
274
3915
1840
4178
4293
1585
3055
3722
4329
22
1245
3103
2919
545
1325
3237
877
2234
337
3470
2528
3865
1445
1911
1896
1263
3090
2150
4323
2129
2257
2878
2489
1635
1364
2452
2920
3985
3509
597
955
1171
2319
4436
3973
3329
1883
1634
1870
766
2885
4247
4466
1429
3060
1472
85
4472
3241
1415
1183
1717
1450
4407
4303
1343
4067
3589
2715
605
2426
2793
1308
1572
3769
3815
1517
1668
4236
464
2606
1984
1698
163
2017
2243
3046
1620
1818
3674
1374
4000
73
3143
2192
1868
3956
4419
1610
1124
4256
961
1005
542
1277
3432
1250
3664
3013
2014
448
4058
2599
90
891
4084
3213
4464
845
1520
3025
3759
1330
3277
494
3306
327
784
3215
507
389
3058
1017
1684
3461
1122
1497
3209
1084
3147
2809
4183
214
3192
827
168
1047
2891
771
3266
3563
2826
1435
2485
970
3858
4147
649
1708
1012
4325
1240
1389
4171
2337
1722
1106
175
3708
2239
1004
2699
4371
4470
345
64
2760
1003
2279
864
1562
2569
371
3210
861
2160
3459
4269
3335
3848
2771
3411
699
2092
906
3603
1071
1272
2513
2369
2415
523
1449
4195
698
68
2554
1700
2578
24
758
2064
729
3263
1368
177
0
1615
4083
202
727
905
2058
3556
4093
2444
3492
2542
2089
2789
63
2158
1031
505
94
211
322
1403
2568
4447
3062
1333
2313
156
4355
499
533
477
3331
1982
2694
775
2651
2106
2094
3352
3296
1577
651
953
1264
2762
1902
4404
102
908
3151
2979
56
3725
3522
1115
1743
1843
788
3707
304
1475
794
258
2839
2953
828
3609
3743
4244
1972
2403
3195
940
2538
1011
689
1906
1513
1359
2540
2722
1508
4451
3805
2798
3739
529
141
1865
3186
2664
2876
2292
1441
3846
3394
791
3188
1649
4166
2471
4332
2159
3118
4233
936
2887
2955
1690
1598
3663
185
366
743
749
3042
2990
3357
3927
3011
641
2842
4242
412
4498
10
3566
692
2463
380
3440
2701
4499
3076
1556
1257
2668
3270
2665
3348
941
2055
2156
2004
3154
3468
1430
4202
1022
36
3347
1322
527
307
378
301
2343
2950
4410
1414
1383
3101
2276
1069
2332
501
2383
1094
4033
2929
231
2660
3711
4230
2944
1306
346
3002
658
4395
681
1037
3048
1278
2854
1293
1166
1689
3978
4296
3378
319
1704
2675
3238
555
3198
4450
1134
591
3885
4402
4111
980
894
2310
1977
2229
4101
3184
3568
824
3773
1915
544
1941
2777
511
1151
3666
2864
3694
124
341
79
1602
252
4076
2924
1220
3580
2193
737
2076
693
170
140
2236
3056
3914
2730
2926
3032
3110
1910
1367
188
12
146
3319
1563
988
973
1221
958
182
615
3824
713
1772
4421
1309
316
2776
3517
2081
414
2630
2614
487
2429
2085
3938
841
3771
3292
2404
1059
2575
476
1505
271
1146
3616
2056
2653
1683
349
1365
1045
1490
1447
2958
526
3745
4290
741
3053
2781
2295
1907
1014
3633
674
2888
3548
1821
2271
3780
147
460
3577
2230
909
1128
268
379
2843
1086
2245
948
3825
1249
2468
1068
2166
3251
3564
3595
2767
2880
735
3433
748
3447
1213
272
805
4052
1636
2091
3061
103
928
336
1188
4205
1637
2009
676
2567
2879
2860
2039
976
1179
2935
880
2756
3039
3353
3974
2820
1983
4418
3409
535
4314
1899
1129
1833
2119
317
2361
950
1361
2120
3415
3712
1524
2649
2503
1638
2417
3019
1515
2619
830
1176
4135
4490
2423
2570
1827
1417
2563
669
2242
3443
1144
3969
2725
3299
454
434
2359
654
3364
55
1312
1939
4444
2362
661
1774
924
983
3928
725
4267
4287
352
2263
4189
925
3071
2984
2681
2948
3260
3038
81
1639
2650
1676
1018
3396
2746
383
584
1268
3510
4347
3111
1191
4103
4386
1905
2213
1229
3078
3375
1526
2593
2152
773
1922
643
3088
398
1007
3581
210
1132
4258
765
1987
3809
3202
4241
2176
3206
3750
13
4255
1266
2981
1185
75
4359
2632
3287
918
3613
2184
1328
3344
703
2067
2858
2344
2581
2101
1908
684
1614
1066
3935
760
189
1002
525
3579
4465
1104
769
4016
581
2751
4014
1432
3236
4212
1601
2297
3988
4139
566
4408
475
4346
2620
687
2976
3710
2610
531
4200
1265
3551
2543
4227
4492
1628
1651
2498
1962
4263
2750
1401
4007
4219
3399
344
1756
3796
4190
1121
3100
2174
3400
3859
3831
1210
4144
3417
3960
3788
564
785
1184
1538
4434
3441
1937
130
571
2462
2006
3240
3518
3639
2255
241
1199
3841
957
2304
1803
3911
340
554
1618
1597
2717
3171
673
1573
3953
240
4155
1327
1109
267
2779
736
1236
3994
3680
388
3403
3503
223
3310
2440
1780
221
1355
3012
3157
991
1739
3782
1452
428
2541
3491
4403
3804
1632
1203
4442
264
2921
2943
484
763
2318
1034
3386
1192
695
4108
2080
1422
347
2037
1041
425
935
2044
2508
2398
201
58
2363
3323
2146
557
387
4446
3920
1427
1288
3174
2364
1823
3706
1919
1521
513
1949
2931
286
4121
3576
4153
1080
3547
429
2409
3153
245
890
1679
1882
939
646
1863
3671
373
1269
4031
1388
3851
2073
442
3286
1334
2519
2135
1055
4034
4438
31
2964
1174
3033
4042
3369
2033
596
2723
83
3810
832
2139
4079
37
1867
1914
1761
2527
296
3879
2060
2196
679
4311
947
3832
1981
1589
704
326
4251
193
686
4138
685
1546
4066
4312
2707
3150
1711
2338
3434
4374
2962
86
1796
3261
2642
4467
1283
4174
358
2137
3651
3628
1482
4400
1811
1131
1665
2169
1054
3407
671
1089
1825
672
3097
546
3801
27
51
2491
4459
1419
1779
1600
631
3137
1158
3718
3567
2314
3426
2690
4478
4102
1594
3169
600
1149
2334
560
1999
886
1160
302
4443
3650
249
1968
4122
2639
797
1923
1408
852
1111
260
1087
842
2202
3570
3374
2997
639
4377
4488
1864
1696
2286
1140
1629
4304
637
1648
3456
1951
3779
4289
2204
2052
4265
370
298
136
3467
2687
4163
849
931
3675
386
3462
1929
3254
256
1838
4460
1568
2910
180
2272
4218
1548
4278
4164
2845
4357
2090
3341
2710
3574
3598
4098
3774
229
2265
4317
1933
3204
1997
602
965
1342
609
2844
88
1097
1463
3687
2287
3892
738
265
1786
718
1985
82
4283
2247
330
3047
2564
4148
1815
2904
485
3677
629
717
4482
1623
3
160
2180
1608
2940
2433
2010
1588
2496
413
2233
2029
3180
1147
2530
652
2785
745
4051
3924
3971
777
2411
4425
2993
277
3946
2847
1903
1186
2939
4427
1775
2769
742
1351
343
2763
2270
446
3219
2644
4229
3179
1522
4338
3862
1237
4301
2249
2605
2317
4392
4448
1692
1465
2018
2517
1431
4313
3789
790
2020
2556
608
3864
835
871
3176
3422
1494
35
2774
3381
2848
48
3288
3371
1175
2108
3018
4075
1399
2003
2934
1258
3448
783
759
1543
2889
3746
1085
4020
3607
690
1647
4220
1307
3413
559
2862
2831
1279
2832
1029
3145
3872
4041
287
1530
904
789
2626
1305
3959
2178
1052
3354
253
3785
937
1025
1603
3022
2670
865
1721
3993
2721
3587
49
4046
3983
3085
369
1345
3191
3185
862
519
4116
481
1703
2035
572
4385
3950
2438
3397
2697
2071
2431
1837
3077
3282
2666
2534
2088
851
361
705
1295
1300
3891
1326
1273
2163
456
2267
17
354
3203
711
3182
2177
1920
3129
2840
1062
2742
811
1477
1286
2062
3242
417
4175
3794
666
3401
2792
2274
3529
1360
4469
3855
2588
3897
1938
1105
3632
707
4294
2612
1901
2339
1702
2015
3420
3543
2244
1261
3532
426
558
3888
2100
1642
1387
1503
1145
2646
2259
4390
2752
3528
45
1496
1661
2601
3438
2531
2678
3843
3424
2490
640
2703
2512
927
3152
382
3148
3435
4049
4318
2977
3729
3136
409
2437
1930
232
998
2909
734
3573
433
1100
1842
225
4207
2354
1590
2147
3216
1511
3520
612
3439
421
3839
997
455
263
776
2691
585
139
3515
1474
3733
807
155
315
9
142
2315
1103
4483
3499
1507
2728
407
2800
2443
3093
416
1222
4210
3812
3968
3890
1476
3268
3943
972
405
26
4036
977
2986
1536
3087
4475
2733
198
126
3127
628
1227
3781
1495
913
812
1537
1887
1904
3903
821
2580
2741
2893
3051
313
161
1369
1921
795
902
3963
3899
1065
1757
2560
4177
2127
2352
2360
2382
402
4150
964
3212
1150
393
2350
516
622
580
1912
3620
1143
2050
2333
218
825
2932
2325
4226
2223
4309
4158
461
2307
2273
2985
678
3050
952
1112
2510
2288
280
3252
1576
3795
1391
3502
2883
166
2863
1561
2183
2399
3727
3895
3939
3837
1974
3054
1855
3917
2884
3220
