1796
3287
605
2842
1890
4019
2601
492
2552
1475
4352
3362
3815
1294
1786
3977
1125
1971
1185
221
1201
1662
949
1687
550
38
3875
1731
719
294
3402
3128
1416
2032
2267
2339
2995
1655
305
2654
1531
2241
3862
679
1895
1553
16
2832
2151
722
3366
3566
198
2283
2351
4157
65
4369
2771
844
4314
3945
3114
3676
955
4296
2940
438
3091
1005
2764
3806
2810
4037
4466
1146
3944
1884
3421
4221
112
4094
3371
4494
2261
25
2634
2823
2080
984
371
3415
781
3910
852
2095
1599
4239
1232
3621
3790
3310
4440
893
66
503
3593
2321
491
1405
3424
2105
4163
4375
3610
3984
1356
3544
3891
3560
2270
1038
4284
4038
4240
1640
3300
1268
4183
3231
3608
2685
1937
2320
4486
2088
3422
2492
3072
2948
2666
2443
2011
215
1748
1052
1126
2807
2394
4499
2264
3704
4098
4309
2950
1242
735
2760
800
131
1865
1209
1912
3207
647
1764
2984
1677
3740
41
2825
3931
1604
1916
3055
3510
4419
4109
1534
3730
4460
3526
1636
2576
122
1322
3214
1808
263
3775
1305
1805
88
3048
2465
1007
251
2179
3999
1999
390
1625
94
1417
2523
3330
3085
1425
2683
4299
1257
857
2476
1866
3314
3279
2610
2710
2292
642
1539
807
27
1602
3105
1936
248
4120
3270
216
439
3194
3039
3555
524
53
2687
1855
1020
3206
3390
4001
3226
895
1476
1715
4060
3190
3529
1717
2282
2010
2716
2662
3327
2381
1320
2028
948
522
1001
3881
4359
471
2416
3307
3774
2369
3237
4471
1
4315
4194
1660
953
1549
4290
351
2029
4344
3502
757
2648
3751
3847
4113
4292
4255
1016
2
119
3993
1502
84
4493
2802
2590
3743
644
337
4075
4294
3278
4428
2998
905
2953
790
3008
2223
1111
2129
3455
946
4246
2560
1920
1428
1555
3958
3229
1247
630
1293
593
245
762
1869
1746
2835
862
3489
2150
442
969
2134
3943
2638
19
3044
2456
3722
4025
3611
2739
2396
2428
692
187
3176
4148
2082
487
530
2111
4465
400
1238
3481
191
4205
2645
1399
2808
3822
3983
520
2636
316
3158
2715
1541
4307
1923
3288
2932
4333
2947
1831
2779
3616
4367
3178
1815
4181
2401
1234
3734
1914
504
3885
3535
2219
3107
3361
4410
3771
1314
4479
1224
2307
4396
2078
3766
2671
3957
2909
3394
1535
3596
0
1459
3103
950
1560
3438
3433
3697
1071
2585
3493
822
738
1835
2692
2758
3793
4251
3952
153
4371
2423
4311
3837
3811
978
3576
588
3511
213
4030
2895
2491
139
2232
643
474
1039
4438
3838
2174
2135
2929
3170
3643
4110
3864
295
2162
769
173
3869
4259
1239
1316
473
1272
992
1793
3357
1354
157
1993
101
1508
4327
2970
1054
2702
3504
2331
3303
2674
3485
2750
2146
3007
2676
508
360
83
4052
942
1511
4197
690
3166
1364
4182
3551
30
169
164
3280
3138
4304
3763
2085
1736
2670
2125
3575
1675
772
1641
3359
632
1173
476
860
2843
2375
1777
1546
3839
3365
1674
3801
872
482
2328
2488
833
2504
3009
4189
926
2732
2872
691
3071
2897
3672
4103
3407
265
4171
2376
3804
907
2840
240
3754
3141
3198
3870
1650
2202
3139
3970
2977
341
971
3179
1267
3293
796
3537
228
4034
1580
3311
2002
1943
3286
450
483
2769
3573
1900
1388
446
427
3728
884
2139
4362
465
4430
749
1598
2927
1610
155
3075
1344
1285
4147
3567
201
3140
1861
573
1870
363
2532
3587
51
4031
1849
1509
585
3803
3242
791
2402
2942
562
1215
3818
3553
262
1041
1556
1103
1670
3233
1451
2759
2859
2890
890
2277
3867
1981
3879
951
3498
3597
3501
1296
529
3441
2755
3979
2691
4104
1969
467
4142
4372
1110
2824
2037
736
3121
7
2050
2475
4409
3798
1362
472
2667
2866
1449
1059
2166
1875
4229
4279
742
4192
2012
3916
1311
3374
2535
237
18
2359
3761
789
972
4212
2757
1156
4193
1163
4269
4115
1117
2177
3174
1473
120
1545
3788
2882
1394
2350
3459
4099
3873
523
537
1028
4210
2345
551
3482
994
2782
1901
2783
3965
626
1551
3508
648
2620
2335
1956
3903
3281
1029
200
3448
2354
539
2206
3408
3375
3625
4321
3412
3581
2225
568
1720
2495
4446
150
1659
3648
1251
344
2665
276
226
1711
1099
4039
3618
4437
3809
2041
2380
1980
2357
3896
410
461
430
4154
4185
4174
3143
2121
1669
1954
2464
2786
2854
680
2852
1968
129
4160
411
4484
1910
4316
1000
1168
2541
2243
2109
4017
1668
243
196
3536
1656
1525
3559
4378
3218
4306
280
1596
1263
3478
4392
4013
126
845
296
3
633
3760
3470
2096
1982
2880
2525
2106
1043
1128
1850
64
206
3971
1076
1728
2499
2677
1193
2247
4143
2546
4354
2455
4159
1958
258
1789
3907
1160
1419
531
3461
3347
4082
4420
3494
2406
2259
2181
1933
3014
1915
2439
3460
3383
2188
1235
2551
2584
4084
3657
4139
1195
1022
1667
646
4032
1824
44
1520
3707
1523
3497
2910
2245
1180
2479
1797
2743
3089
3930
2871
1858
1440
2087
1261
617
107
1721
3382
2348
87
2271
3047
580
4233
1370
1074
2336
546
2935
3747
4477
2113
3921
272
182
2497
4167
3442
1227
501
1323
4186
3398
1179
59
1562
3827
2864
798
2792
610
559
1279
298
3539
4198
1825
1517
3234
1634
2016
934
1524
2194
4389
2115
832
3863
542
3221
1518
99
496
1410
2145
1902
2518
1987
3077
186
1429
249
1094
1570
3684
142
3690
197
3527
3953
3678
1821
2898
2091
1147
1187
2090
1337
2965
3051
4266
2536
3739
928
583
1973
3531
824
236
4358
3192
104
1617
1642
944
3830
829
290
1752
1926
2127
3083
3729
238
1017
2753
325
464
2770
2918
3181
382
2877
2284
2919
2003
1893
3985
256
3949
111
2014
3106
2920
3607
698
1220
535
565
635
1498
716
1184
4191
1613
1574
850
737
2187
1868
3248
444
1975
168
4393
594
339
3705
1638
4447
3427
3188
620
4490
1771
558
3733
3942
2531
2571
2490
2473
766
89
3570
799
761
55
4063
885
1558
1592
3524
4374
1913
1441
1083
2407
4252
1983
1716
2337
3669
2300
78
746
510
587
4434
3043
440
1481
3991
3483
3066
2727
967
1529
1485
697
519
1406
867
2784
3458
315
827
865
668
4373
4256
3990
4009
2815
855
4014
1443
3791
2458
1847
1763
1325
2020
4317
2435
2413
3094
1614
725
2474
3929
2045
1133
3892
3582
4424
374
705
9
1762
2065
2214
58
2189
1876
3854
3615
3680
853
1175
1264
77
1349
3758
3658
3992
1380
4187
641
1408
4464
4136
2366
2817
1108
1012
3819
1493
1393
4376
3463
195
591
4124
1157
1115
2483
3724
2556
3276
2501
43
4453
1964
3418
2128
147
774
1695
3947
3980
1037
3594
2142
3420
3599
462
3224
3698
4423
2291
618
4330
1751
3609
1700
1965
4394
264
4276
4121
2040
671
159
2198
2227
1765
920
4461
3653
760
1129
2879
611
2967
4455
3005
3149
3723
3406
4450
143
70
4102
2748
819
4226
3744
2169
545
765
3208
4325
1230
854
2454
771
1134
204
2388
2818
3500
2165
3770
3329
2892
3532
36
2236
3717
2004
3714
878
247
388
1573
4443
3783
470
3245
706
4132
3386
577
3746
3060
663
137
4273
1753
2081
1217
2358
1624
3745
12
1889
1699
4057
1095
3468
1321
830
2905
4407
2699
1903
4125
4000
1454
3641
1843
5
1540
3387
2921
2233
151
1258
1063
478
3378
1019
3841
1223
156
1491
2031
959
4153
1738
3549
2141
4207
2762
414
3284
1130
2148
873
3639
787
1568
779
1507
2658
52
4005
250
3636
2496
269
460
2323
3317
381
185
1385
3792
4162
3290
2250
4217
965
601
285
1033
340
1137
1055
2136
2982
3681
2597
652
987
2526
4355
2855
744
310
1836
106
232
935
2436
8
1397
2481
1295
2298
345
3789
3019
4141
1477
3451
2773
3215
1301
689
3131
2273
3764
1639
1010
397
2143
1986
1098
2422
1817
4495
74
2558
3713
3600
144
1628
2681
3299
4012
2149
2333
2008
1383
4341
2540
3781
4065
543
318
2229
1326
1737
2048
356
1743
3495
441
1608
2799
3858
3696
2914
208
210
4337
309
260
3765
1088
1588
3561
1081
887
3994
2024
3997
2704
874
2661
3603
3370
2980
1772
4196
2205
3274
1873
3584
1302
3515
54
1101
4458
223
2678
4431
2055
3682
4003
767
1048
2968
1532
661
1077
1148
2432
404
2565
2816
4288
4140
3453
3087
3436
3506
4200
2640
71
4408
3779
901
2936
2310
2697
1952
2644
2669
448
2377
3752
3773
962
3523
803
3350
1590
4364
3623
1647
2325
4166
727
891
1989
3814
4474
4222
3275
3911
3528
1966
1412
4324
2122
4002
997
1363
3935
3950
1514
841
1666
1096
4277
3472
2908
2093
23
2332
898
2809
792
224
3477
3860
2060
2064
2452
567
2383
4429
1395
3289
1365
3023
2831
431
4218
114
2063
1756
2868
1801
158
235
2304
3265
1150
457
1852
4083
2869
4339
3499
2574
3906
2616
1070
2778
456
463
1995
2349
1018
3334
4390
304
3577
3133
3796
127
975
1339
754
932
1332
1609
4323
3534
3445
2891
4363
2844
166
212
4042
459
4077
1105
1649
886
21
4172
1823
960
1023
2459
2480
2373
2863
48
2052
1537
1792
220
2781
3322
3003
4027
437
1455
1306
1941
369
3602
2044
2204
1119
355
4168
1270
1932
4144
2153
1341
2822
1600
1312
622
998
3876
3856
3454
3719
242
4055
333
701
1974
4020
3855
2027
983
1978
3652
1068
1387
2429
399
599
660
3112
2147
2066
2240
1616
835
1826
2534
2690
3440
1557
2023
574
3153
3732
3238
1501
3507
433
2262
3452
3101
1198
2930
4178
2978
2723
2994
2729
1164
555
2790
2083
956
3024
1182
3225
1960
596
3982
2745
1723
1963
649
2812
653
739
1750
2322
3767
2451
2211
4268
3917
1045
3900
2216
2385
2733
863
311
2059
1221
4379
3893
688
3032
4462
2606
728
2650
4022
3134
1939
584
275
2724
3914
372
1374
1253
128
869
3090
1384
2392
1241
67
3025
4498
1116
2260
3488
2582
3799
589
421
1607
3578
1741
1079
1229
2707
1998
2160
2235
3630
1927
723
922
1085
1211
866
708
3364
3564
2161
2559
1343
2777
1585
2591
1445
2200
1635
764
2887
1273
3318
2830
3683
838
1396
1657
2346
894
2175
2075
1226
2557
2067
2244
207
3439
313
1436
2547
3967
3235
1181
412
4128
2421
1994
396
2411
3592
3880
3076
17
1690
362
3199
2555
4312
1864
1050
3152
4432
96
273
1199
1358
3414
4336
102
3343
755
3571
4281
1118
657
3647
2329
1452
1151
2124
2720
1907
1845
3084
1727
1135
3306
3342
1676
4074
2797
4029
3209
2477
1015
773
527
3568
1948
2971
3987
2372
1032
2469
4415
666
3613
29
2631
4024
4179
2472
3159
871
4097
3147
3377
4054
3667
141
1595
1533
2079
1806
1236
3898
2344
4467
3093
1623
4122
1612
1190
3011
1840
2398
2578
2963
1011
1749
3924
2767
3894
3142
3542
3049
2900
3890
514
4145
3081
3305
1177
1787
4267
2158
425
1430
604
3877
1589
1464
1487
654
3887
2112
1504
1401
2986
4087
4272
1304
3951
3976
3727
2763
3367
13
2100
2237
2450
1918
1582
1318
3465
1807
4223
1371
930
3671
63
2926
183
3961
1494
2694
326
205
28
509
3092
2118
664
2554
3340
2680
479
2215
108
2607
1298
4401
2527
1170
15
990
2251
4368
4028
1862
73
3516
678
3895
95
1069
2263
3726
4421
1719
768
3177
2461
3010
3627
3065
1402
2962
3100
1183
515
3001
4387
2848
1113
1404
2154
3679
3598
2617
405
3786
912
2289
3119
3423
889
26
3253
368
2737
534
3323
3946
1714
3184
1073
3111
1240
2231
4175
4010
3782
676
3948
2049
445
3251
2038
257
302
1453
2675
451
110
3626
2614
1355
2007
378
4156
2047
670
2117
4441
3297
3096
2431
561
1283
3277
3962
554
1127
4234
897
512
3161
1053
2314
1067
3211
3333
669
1665
3998
1360
406
3966
1153
349
1139
3316
447
222
3197
3666
753
4219
4482
4036
485
4295
821
3012
811
1552
2643
849
1935
864
489
3035
4071
415
4405
2966
3301
1722
2656
1888
3868
76
2605
1132
4261
2846
681
3257
2744
4254
289
301
2039
3932
343
2104
2562
3034
3554
2054
3315
11
2132
2405
2972
1424
3583
227
2785
1877
162
3471
3741
2768
2285
4152
3392
2516
2873
1174
1367
3638
4258
1645
624
840
1689
3200
2609
2365
161
4400
2034
1819
1698
4118
434
1106
1002
2234
1031
1366
4433
4356
1896
352
4345
3264
4398
24
1804
2567
4138
377
2185
3614
3151
4216
3201
4069
802
1495
1214
979
42
192
1482
3569
3004
3968
3807
3708
2440
532
2281
2387
3762
4004
1386
1664
2159
4297
3644
4451
2309
4078
2207
1145
1782
2470
2302
3018
899
731
3021
2176
1658
566
513
4418
4225
2820
60
1867
3995
1478
2608
2904
2489
3030
3183
2084
4091
1047
1800
695
3859
3432
547
590
2664
4275
2382
2849
291
1934
1809
3905
1058
2857
2294
429
3146
2787
4085
149
1437
3925
3725
2057
685
3525
4310
3045
3649
3659
2437
1216
1724
4086
3395
2538
4480
3169
4206
3601
4
847
4417
947
2828
1503
3939
165
1345
4203
2841
3033
3296
2593
3173
3020
3768
2946
4360
3778
1361
350
1924
1696
3487
629
3522
4236
2391
3167
4131
2888
3193
2001
105
1338
1735
2798
1009
1172
387
4151
740
1929
79
1030
3130
3467
4056
1350
2646
2577
939
3557
1398
3129
918
1538
3102
627
906
134
851
2494
2960
1713
673
2629
911
2434
2626
2592
1427
69
50
2951
3381
3823
1976
615
3843
1812
3595
3328
3937
996
4164
203
2140
384
1548
1202
1813
2208
1046
2641
2408
1712
1461
3663
1470
3431
3349
4170
569
1072
2457
2969
4161
4491
814
2543
3513
1886
995
1510
3664
4274
4245
1530
2414
1353
3164
2005
3283
2937
667
3097
3210
597
1237
2116
2896
3026
1499
751
1904
3117
57
2603
914
571
1830
957
2861
883
3475
2913
3909
1755
1759
3123
651
1308
181
3800
3262
4011
3755
4133
1563
2695
3404
831
2618
2659
395
3056
1788
1382
2625
2956
3832
3332
970
1606
37
2415
1953
3720
3928
1049
538
3655
391
1281
3369
2845
636
3079
2426
3700
1327
2120
1275
3376
923
1340
1621
1274
1250
927
3341
1794
3336
1231
3180
1846
1246
3828
2071
2766
1899
2647
1225
4285
2754
1066
816
3052
1569
2827
4422
999
2131
694
2714
386
1309
1959
2528
409
3160
4263
2471
1685
3756
3622
413
2015
1196
3645
342
3545
1554
655
533
3619
2931
3913
3269
3794
3850
3646
2788
2602
1851
2164
1925
97
505
1672
1334
2949
1328
109
896
1484
961
929
3836
2533
4213
1838
3344
3709
1880
3409
4282
2520
2403
4059
3716
458
1627
3706
1776
1848
3252
2847
4126
2881
3115
184
4035
1516
881
2652
2042
3435
1197
3776
1597
1407
4351
1515
282
1188
1757
2363
3325
2649
2463
682
2390
3940
2548
366
1814
2579
3491
968
3899
2445
1142
3360
700
4449
1680
1578
2564
2985
218
3273
3223
3182
1169
32
103
2316
1686
1138
2990
3702
3419
3247
2705
1446
140
1024
517
2172
3228
3466
1678
3844
614
443
1706
3266
3410
2686
4343
92
2102
3078
809
1228
1336
3067
770
4127
1575
2515
2035
788
2315
556
525
2019
933
1984
3562
1854
3272
1505
2709
3635
4214
132
261
3339
3853
3642
4399
2598
2362
2505
2094
1490
3319
903
572
407
2222
307
2679
4301
4053
848
2604
1351
3154
2952
4049
743
1379
985
1347
1352
2569
3552
2097
4101
1653
2838
2138
3687
3851
1601
1245
2272
4220
1460
2660
329
4050
481
579
3520
278
2224
3882
1897
2123
3088
3353
3074
334
2347
3236
56
358
2907
1911
500
1136
1872
2542
650
416
320
1972
3588
3673
4298
3842
2979
1051
3769
1004
1661
3232
3036
93
818
1905
1811
2338
314
4165
3116
4300
4244
1204
4247
1996
3699
2086
436
3969
3292
3172
1768
2981
4332
1166
2519
154
2996
2275
3831
353
2341
3000
3538
2826
2718
3380
4468
4385
1646
328
806
2279
3428
2944
2312
364
1471
1730
268
4459
319
2800
2297
2449
2276
239
2856
389
2867
3675
1693
2974
3295
909
267
2203
1262
1781
2006
452
1725
2583
875
908
1467
1026
2774
1259
1159
1256
2306
1123
3028
3889
3865
2326
659
619
3358
3437
217
2858
3321
3062
1547
1243
1483
332
3808
645
1205
2850
3363
3541
1691
775
3331
3425
100
403
2447
758
1414
176
1618
1791
2370
2553
2448
1906
2776
2487
3259
553
1784
3057
507
1652
3661
1871
2793
1970
3212
3518
2330
1248
3677
145
2430
2833
3058
805
4026
582
3710
398
3157
2735
2794
4211
4250
2360
2178
745
3308
1289
85
3165
3109
711
815
936
2722
826
2988
4283
3189
4457
2587
726
2199
2639
1423
4342
1084
2026
420
4412
2493
303
3073
548
2637
1754
823
1278
4088
2324
392
763
277
540
625
1928
3691
613
2712
4381
2717
1774
2068
3416
3784
1683
1162
3261
2186
4007
2305
3069
4176
786
3927
1486
1961
3186
3108
1442
3122
3246
4377
3912
675
1766
1206
4107
2728
3546
1154
4134
4488
662
2991
616
741
560
1140
2056
1158
2441
4481
3556
3013
1456
1521
3385
1921
2751
3401
4305
2684
2789
2022
684
4096
2184
1254
3654
3046
3243
4262
2192
1790
1040
2791
1583
1458
1165
3883
756
3813
1331
3852
152
3833
1611
915
2478
2257
2923
1581
3772
808
2747
4463
1833
1778
1086
1879
913
924
4334
941
720
480
1747
2498
3285
4383
4215
495
1550
3260
634
4237
4232
4293
346
4158
170
1571
3282
1192
4021
1841
178
4106
2167
1474
1444
3373
270
1497
1303
347
468
2482
3479
1492
2058
1773
2356
3919
2242
2997
2269
4033
3933
2196
3145
2588
2928
2466
2600
1544
4190
383
376
4442
3874
2885
2152
3241
3313
3162
68
3379
2319
252
4248
734
784
1008
338
180
4497
4291
1883
253
146
1061
732
2295
812
2903
62
3029
1003
171
3312
1802
1832
428
31
1480
4370
1319
1828
2612
1194
2911
4469
576
2287
199
621
1648
2957
1310
797
3656
1626
2126
3348
1940
1564
2889
4435
1997
3834
1189
2258
1566
3530
3670
1035
750
1742
286
2254
1615
2514
45
1014
2688
564
4149
2062
3267
4485
177
1171
603
3692
2509
4444
2594
3430
3496
3125
3848
4238
3256
828
810
1620
393
4230
4454
1643
3473
4478
3738
3512
1783
148
4445
2252
3216
2906
717
683
3901
287
4280
2549
4202
2442
1654
3871
813
2343
1496
2976
1603
1472
4061
3688
1346
2280
375
2922
1064
3777
3399
1390
1922
2367
1447
2545
1489
3938
1522
2190
2580
1810
1709
330
612
1044
121
3098
1955
2103
2698
2883
3902
3038
2613
640
1767
2163
4249
1892
1435
801
782
2805
1859
1744
497
1816
4329
2030
365
3711
4100
1426
602
2595
557
1630
4209
4180
3617
4404
2537
2342
1218
747
1733
4456
2524
1990
373
2361
4386
2696
4406
3715
1389
1468
3393
834
2749
879
188
1307
2410
2703
274
4413
4231
2355
4253
1200
3396
3651
917
3633
3908
1818
225
1694
2503
693
3954
2902
1844
4114
718
937
1104
2939
3748
3918
2651
4260
1299
167
3780
2623
2999
3457
1102
2993
2101
2701
34
91
402
3634
1091
2074
2278
2502
1949
300
1874
2780
502
709
3050
980
357
1734
989
4023
2987
3258
1863
1561
2424
1422
1433
3175
3016
528
4112
1761
575
724
172
976
288
4068
4169
3136
2253
925
2051
4403
1269
3355
776
4008
3156
2596
4073
2460
2989
586
2183
777
1333
4137
335
1479
385
3735
3963
4487
4286
1329
1671
46
3054
1122
1780
3462
696
299
1506
4064
1292
1701
1837
2513
2446
1594
900
2352
3988
518
1357
2627
1702
2119
3368
194
2568
3127
2821
1161
1908
2399
2611
4340
2804
2425
1957
1213
1176
255
703
3255
98
2915
2875
4093
3137
3505
2073
2077
536
3695
2409
3586
246
4092
321
4348
3027
2155
2249
1372
1450
3417
2386
1244
3449
2511
259
2256
4146
2819
3861
2884
3354
843
2201
118
958
2561
729
3196
2340
1317
40
2110
2837
3082
2619
1760
3548
2517
3846
2836
3037
1097
466
704
4072
2137
1149
2238
4473
993
3872
1977
4257
370
3960
1144
4048
2171
2924
3674
904
1280
2741
686
3941
2796
2622
1212
2364
3572
1034
1795
3742
1415
1418
4270
1078
3337
4130
4472
3857
2761
4303
1919
3464
2156
2894
2318
3936
4335
2730
3294
3356
1631
2886
1375
3168
1282
3973
2811
3662
2933
1255
3042
4426
1692
3589
2973
