1596
3601
2272
3076
530
2597
3278
3279
1824
1763
4344
3349
3686
862
238
4318
1717
465
2672
3710
2501
4227
2982
1855
547
897
1392
2569
3286
2950
2046
3131
3043
4375
20
1610
1571
4098
870
1768
25
3946
2213
3596
2620
4397
3261
250
753
3607
2308
4025
3896
376
181
3209
1917
2144
2951
650
3265
3882
1996
1518
4117
3743
1752
2906
406
2445
3105
2327
2854
3175
2138
4130
4211
1501
4437
3909
2515
1601
302
364
2060
3948
348
1259
2126
743
1443
866
4494
3054
2660
3303
3183
1581
4438
3636
580
2255
360
2137
828
3653
2362
1529
3836
946
27
4184
1214
989
2750
1659
476
54
2565
1088
3323
2823
1196
3853
4364
1644
1451
947
2452
2111
3656
4399
2453
2430
2921
4388
3581
1204
450
3652
3769
3188
2419
3003
3269
3292
3027
475
3308
2131
726
3154
337
16
4053
1661
3879
1169
3660
3929
823
2469
3671
3029
2163
4156
2435
3620
2929
1591
2398
3889
3667
1143
803
2798
1539
435
3814
626
2593
3494
3837
4188
1235
3640
2348
1134
469
1040
636
273
108
3436
479
842
1089
182
877
2049
3875
1585
3807
2759
4001
2169
3753
74
4445
3442
2467
4396
212
607
3808
2648
1004
4488
1019
2076
113
1428
2991
7
601
3073
1159
1992
3384
2321
3738
2381
4496
4321
1492
954
2801
351
2043
2186
4377
1054
357
1618
3709
1859
1439
834
2758
1172
142
3590
3423
2695
2729
4080
1177
2424
3982
3912
1639
4304
1121
2243
1052
2056
1258
2418
30
131
169
2996
2536
1929
3984
1161
3571
464
4036
2230
162
3075
3625
3343
3714
1756
2177
2251
1034
281
3248
1478
1168
1681
853
4085
4021
4349
4444
3161
159
739
2619
294
353
2302
4033
2151
3763
319
2728
3910
410
487
290
3532
555
230
3792
4476
820
941
688
2014
3901
3542
3869
3888
3246
1616
2531
1862
192
1109
256
1093
4316
3382
3239
1951
3986
843
4073
533
552
825
3390
1129
2410
2036
133
301
3593
2030
2734
595
2161
3972
372
1706
1005
970
864
3116
3526
3315
4153
4285
1358
1120
2311
3126
3856
591
952
3019
3749
2121
761
4308
2035
2083
174
3237
1372
73
2846
4214
1887
2852
738
1240
4045
849
4266
4029
792
1131
716
641
1299
4003
1353
3147
1926
2261
480
3966
1255
59
2343
4328
858
33
818
4054
2871
3111
1436
235
2351
2790
3633
965
1919
2634
3048
3647
2132
1083
1552
3732
3915
4040
3422
1516
760
2677
654
1602
3880
857
3468
536
2401
3776
1420
4242
3298
3378
2920
3009
1564
3358
2777
3155
1053
2130
4162
927
3543
3069
2838
3172
1577
466
999
246
43
1082
1431
2817
2018
766
2105
2941
1117
2154
2851
2217
3973
2512
4378
2428
2166
649
2291
1036
1687
4081
3857
594
705
1312
1066
1816
4094
75
3573
981
471
3945
4439
431
492
1707
2584
4418
3508
218
3569
155
847
2274
1166
2966
2293
4391
1061
1786
1807
2592
1548
3786
4454
1636
3803
3634
3397
4333
1282
392
2204
1835
2943
1333
1945
3257
732
1366
4206
340
356
173
1793
2499
32
3374
4301
2300
1290
2442
4100
3215
4337
1212
4235
4385
3135
1534
879
2390
1113
962
2762
2363
1867
24
930
3781
322
1042
3490
4000
1619
4373
2075
4497
2292
313
320
2579
3938
963
2433
339
1597
2396
662
4104
2250
3589
2961
118
2547
2092
292
2673
1210
1932
2203
1459
1386
307
2753
3754
297
1493
2670
2354
3711
728
2423
1208
1857
3812
2872
460
3538
472
3373
806
1771
252
3281
3539
846
2555
906
1583
2732
3498
3179
2887
2298
1395
1273
2003
1207
171
3264
577
2628
1081
129
1231
1748
4103
1106
2296
1165
3047
1076
3432
1305
4311
4061
2993
3359
3958
677
660
1724
4161
2028
3899
1940
1757
4203
371
2561
1627
3053
1398
1337
156
928
809
1540
223
3096
4336
3936
1823
1808
1701
1122
1303
4436
1712
3446
3033
4181
3824
3540
4038
4478
2560
1247
240
3544
1281
1875
736
513
4357
3830
1703
938
1557
4251
3196
2080
2157
734
769
2257
2375
3224
2318
1567
417
2743
3661
3389
1734
3170
228
3567
3615
2248
68
2193
3381
1046
2740
2833
2219
933
3728
1795
2283
3918
3716
887
2730
1608
70
3454
1660
3445
1617
176
3462
2045
2328
4452
661
964
919
3285
2050
3534
1002
1922
1505
2258
323
3528
633
45
3730
752
308
4137
2059
1588
4465
4124
3637
3851
2654
2651
1027
3023
4174
3185
2679
28
4111
2573
3063
268
2005
1549
3790
3092
3598
1957
759
2361
3157
585
2188
2039
2176
3153
2491
47
1544
2170
996
3369
3272
46
3949
2527
2222
4236
3995
1584
91
3325
4419
3482
3999
3195
4309
2739
3062
4120
2109
1652
2767
175
1418
4350
1460
1396
508
3718
3123
548
1227
3355
3356
3563
2719
2070
2492
3783
430
3549
2885
1861
1621
4201
603
567
744
4213
1170
1467
4303
4090
2513
1315
640
625
690
673
1547
1023
799
1360
2051
3570
2968
2320
589
2231
209
2414
2600
80
4057
317
1737
1084
2037
3316
3435
2095
2211
4158
3149
3624
1840
1293
4297
4154
3523
2880
1072
4398
1699
2772
3777
3622
1878
1445
764
2603
3551
1252
1489
3168
3612
570
3228
1630
1751
1477
3733
419
1972
3031
4169
4296
3588
1779
220
1882
1894
951
2332
2374
2761
2528
3685
4369
196
3117
3205
972
3011
3256
103
2808
2179
535
375
3906
681
4191
3720
1091
2324
1030
4372
3987
119
112
1973
2875
2553
4408
2738
4361
4387
4427
335
3724
875
3582
725
3707
676
1924
1689
2201
1735
871
3885
2693
931
747
3944
3034
702
2607
3112
3145
1380
2815
2919
1472
3541
1409
2196
1488
2646
4291
2752
1377
3312
3451
1685
1375
1496
3410
1561
1487
2857
1952
3809
4043
609
3737
836
2094
916
827
4143
4274
2241
2535
2349
653
1198
559
470
2408
331
2840
956
3692
462
1318
1969
3481
2989
1163
1422
4420
2932
1300
405
4484
1421
2120
1508
2437
1192
1349
3093
4455
3611
4389
101
4457
624
3848
3489
4252
691
953
1486
4458
4474
4278
3134
2150
895
2162
1232
2518
3284
4092
693
781
3527
3387
2969
94
3176
2234
493
3911
514
4290
926
362
3503
499
1605
997
1733
2609
4248
3004
1425
983
3122
2367
2615
4324
440
1319
1469
2284
3398
287
199
3372
4404
2957
2831
4075
92
3383
2456
1826
1866
4313
2427
2108
4122
477
2260
3419
4247
1536
3002
574
3975
800
3775
598
3310
1029
2745
1361
1933
2591
128
1974
3320
1059
3360
4339
2630
1560
49
610
2158
2450
1266
3377
1595
225
615
1849
37
2533
511
3572
2451
772
2539
4275
1834
3931
3120
2548
253
1711
3531
2760
2490
3037
4416
622
3991
3455
3012
2549
1906
2886
1725
333
219
1218
210
3900
3056
1411
147
1692
401
2997
3081
3408
3404
82
2931
1869
4063
3860
2406
3524
880
4129
4499
697
908
1655
1527
4341
434
2748
456
2904
613
1370
3908
124
261
2789
4170
925
1783
1901
3394
2239
2647
3744
3702
63
4371
334
1817
819
1746
4086
3721
369
2136
2100
2065
4155
1872
3923
3204
2595
1885
214
2323
3522
2425
461
1352
3891
2200
582
336
1785
1589
303
1220
1302
525
2048
3893
141
910
742
1986
203
1020
2894
2082
1130
4152
2987
85
3380
1458
680
4443
674
597
2706
506
960
2017
1092
3594
224
1205
4258
1498
1947
3669
882
1228
893
2192
3957
3263
2976
1216
433
985
2474
529
1024
3759
4353
4487
3648
3554
2633
786
2085
2008
3146
241
3734
2933
3268
1039
4453
712
2495
2368
2033
1330
4282
1124
2586
2352
3038
998
4087
2936
1647
1107
4431
345
2282
4314
531
684
1480
2371
2400
2312
3787
2366
504
3719
4008
2744
2861
944
1704
2446
2278
532
2488
3868
1476
4168
1884
1812
851
4058
2281
1135
2019
683
678
2224
2233
3762
2714
2389
2645
1016
768
2884
4302
4440
1111
751
2731
646
1343
1542
617
2476
1680
2977
2867
3266
274
4141
341
2962
245
3515
737
4243
3208
1
0
1094
3770
3210
2498
3670
3872
373
3847
551
4197
1997
1620
1528
1579
1848
3839
565
3197
3471
258
663
4405
4083
1110
1961
3306
4198
2883
3687
606
1981
3017
1471
979
1590
2952
1928
2122
3086
2873
2700
2183
794
2981
3229
2397
3683
407
1525
1520
1900
3412
1715
3922
3046
3988
3305
3921
592
1650
121
4250
3066
2678
2805
1236
1248
3467
3676
614
3907
3849
1292
2032
4483
715
2494
2770
2703
707
735
3314
1846
314
3342
1060
3444
3621
263
3223
2562
833
2279
2372
3878
627
3040
1949
2058
381
3211
1944
2384
3008
81
3817
1105
749
4429
86
3816
3635
2306
4160
3156
2947
560
3465
3943
2006
1104
332
3429
3400
884
1286
2439
446
568
3755
234
3386
3059
2855
1798
1535
2903
2303
2277
1102
3989
1904
2774
2294
1675
569
436
3735
1852
3327
180
3703
2602
3218
2369
1226
2399
1270
4394
974
982
4114
2905
2764
318
2927
4284
3006
805
3603
1538
3712
483
1909
4470
2202
3829
2701
2181
2072
2836
53
2984
1101
168
3464
2559
694
1307
2735
1495
1705
2225
2629
2879
484
4125
3101
3694
4006
2000
4208
3344
3340
55
1032
84
2483
2310
2853
1474
1340
2502
1555
1893
327
3608
3102
1225
2837
1437
1708
3745
3199
2704
3511
2617
3751
2509
99
1598
1541
110
872
1139
1371
157
3271
3304
444
3364
1886
1670
1607
366
2909
3599
4288
3152
789
2576
2462
1095
3998
2622
3886
286
3992
359
2656
1614
652
1831
841
1971
1175
1242
1465
2723
1935
2973
3789
3022
1784
3491
2479
2365
3782
1263
3932
3064
940
3089
3447
52
1141
1853
1379
4276
3082
635
1325
4413
2907
3098
4138
3220
3080
3818
1611
2769
3348
2116
3405
18
197
2197
4088
2370
3934
2794
2357
2800
4231
3055
2643
891
2616
1714
1296
745
2712
855
158
3480
1511
682
293
3600
1769
4076
1038
2613
2301
242
2271
3164
4464
1805
4347
3591
2044
782
427
2768
2666
1429
4271
2242
3580
146
1537
3985
4044
2856
984
1011
1055
1385
2652
4262
3550
1142
1404
3326
3854
2377
949
1050
4079
4259
4069
4142
409
1930
3863
4456
1145
2546
3225
2232
3254
2637
4421
3478
1506
283
3260
4286
3186
498
205
1690
643
1788
3827
2426
3044
1741
4010
770
349
2337
2683
4257
2726
4498
2339
2923
2953
4448
2716
1649
4412
3727
4260
4228
2697
948
3521
934
2689
2545
2392
3452
1433
1722
1760
2052
3681
1463
1794
496
4414
2530
2246
869
1403
3764
2317
1171
1818
2304
1481
2590
4113
2641
584
4473
1873
329
4433
519
1854
522
2068
1994
3953
1500
2089
797
4322
172
2007
2812
194
631
2263
590
4110
2671
3399
3894
4077
1851
2776
1035
4012
1271
2755
1393
3430
1269
1908
343
1075
8
454
3858
2707
4261
832
1736
26
1778
1841
3202
4218
3396
350
664
1103
1765
1731
2289
2084
2486
921
1730
3765
727
3678
1382
1466
4460
1938
4351
3475
1517
1390
4020
545
1078
3553
2571
1243
2485
185
1195
3178
1470
1275
3813
2583
2124
2567
3937
2541
4263
2405
1995
1646
861
1697
1504
3194
3587
51
90
1645
4067
377
564
1942
2788
1556
239
3547
3216
4489
104
15
4310
3219
439
3842
4101
315
1345
3513
2720
4292
2210
4091
1397
3705
1368
4354
4119
1976
3758
254
3341
1453
1324
2436
3518
1796
2235
367
3833
2585
3351
3345
787
3486
127
628
2780
3690
3159
2023
2090
167
4183
1832
1925
2269
4362
3443
403
3018
1937
2133
1335
791
898
1572
2021
4096
1562
1729
300
4126
1726
2898
4294
1364
3273
255
4273
4299
3299
1745
2869
385
2680
5
4118
490
1669
1126
1222
2960
2681
2505
1074
802
4030
780
1462
980
3106
2171
4047
414
2206
189
211
1127
2574
2353
3350
2420
1194
3583
3504
3488
2347
2676
3160
3592
97
3697
2901
89
2378
1713
3070
2746
3025
596
2273
1356
4223
1622
2992
1288
3184
2325
2705
1847
1355
2662
1698
4360
425
3232
848
2496
3097
3094
4134
3302
3595
2891
2881
2523
4084
312
586
93
604
3955
3024
873
1350
229
3192
4
3060
2928
400
3238
4402
2314
700
1582
1565
1864
1978
3512
309
883
4392
1554
1755
67
1833
3981
1658
2315
1191
874
3628
3823
1001
719
243
3307
2244
3449
1274
2946
378
3980
2786
1811
311
3259
2710
4128
3213
878
1388
266
1532
3385
1604
3996
1977
2995
2449
2844
2099
2511
1446
151
2152
1097
2038
4035
975
2011
3967
4327
1677
2713
432
57
1603
1311
3287
2047
1070
915
2444
3555
1804
2803
4017
3815
3448
352
1291
1434
774
3791
4400
2350
2189
4295
1308
201
4226
3561
4059
4023
2142
3641
2407
3424
14
3030
3617
4244
4491
355
2471
692
2112
491
2149
3255
2829
2811
2081
2972
4102
2459
1766
1651
1365
1448
1158
2055
1253
2127
2173
1716
3877
96
3363
83
3090
4279
1327
2422
3275
2191
812
1017
4037
546
3416
140
1184
955
1850
2956
512
1306
3965
1256
4109
2722
116
2626
2484
3968
2665
299
1865
3713
4338
1753
1065
3084
876
1946
3166
608
4471
338
2417
457
2598
347
1432
1814
3495
1836
1637
2711
424
1118
3460
1998
1839
3941
967
2134
2141
111
1985
3843
2843
2143
4233
497
2663
3680
1718
3318
2832
1013
3905
903
868
2022
4048
2106
2482
1682
3148
813
2178
289
1394
2965
4145
2237
804
3234
3701
485
58
4379
257
1889
1953
2041
3200
1514
1809
4116
4108
2945
3609
1629
4254
2612
1761
4133
123
1367
87
2461
572
3426
1412
2416
3794
1241
178
822
3294
4220
4249
2373
854
321
3834
2827
3130
3124
2888
3959
4335
4032
3236
2939
831
913
4019
4055
394
973
387
3920
1125
3473
1963
1022
3300
4009
3682
505
2814
1414
4224
1189
3630
390
1576
2733
4176
562
2821
4415
40
957
1494
177
1449
4267
3127
3395
4209
2096
3072
4144
1898
549
4148
553
1912
765
3258
3740
3825
4082
1438
3222
1464
2674
1634
3108
1797
2980
2140
3559
165
2975
1150
3439
1284
1628
3392
4099
3431
2026
1062
2773
2067
1895
724
4359
3433
4447
3715
395
107
2642
4041
2402
3068
3861
69
2985
3409
2457
3820
1025
4192
593
1738
3470
2639
1860
2510
3913
3691
4022
3459
420
3514
3828
1416
3802
2015
4376
939
1326
859
2669
2415
1888
2061
102
3296
2640
2487
3050
3952
785
2763
3032
867
1213
3644
3616
3618
2916
4381
1700
2925
3935
3708
1148
2963
2830
3291
2465
3566
3357
824
3610
3129
1000
3295
990
4157
2156
3663
2078
1570
3338
1674
3244
2160
2862
2537
4151
3575
2333
310
2581
4283
3545
3993
2393
991
458
2804
1743
4368
502
4050
722
668
3873
850
1156
137
1183
902
3688
56
634
3970
2228
260
1575
648
3862
3866
3510
1007
4495
207
578
3500
3997
3290
2034
2914
4441
2493
383
1813
4323
1777
2552
3552
379
696
3189
521
2064
3243
95
4300
2159
2077
2101
2757
365
2110
2216
1261
1147
618
890
1310
1423
150
3311
31
3472
1233
3110
2497
711
3674
4187
783
4293
1237
134
143
3698
1058
2582
4171
106
1877
2145
1217
325
978
1484
3822
3226
656
2382
729
441
2570
3247
830
2534
170
3668
1530
2819
1238
1678
1268
1858
3846
3983
2826
4280
3137
3492
2440
4268
77
78
48
775
2661
1287
670
2355
4194
3071
4409
561
2500
659
3262
2097
4312
3666
1586
3450
200
3605
4366
1265
1533
1086
2958
3001
1558
1203
2153
3201
2104
3629
3876
4240
4281
1967
3469
3420
1664
3558
3151
404
1294
3736
3402
1063
2667
1880
993
2383
3579
65
2187
616
3506
2900
757
3274
914
3362
3505
779
2336
2066
2551
2550
4479
1279
703
2254
3403
1427
442
368
698
3370
1709
3961
1406
190
4051
4326
557
4265
3517
1452
3942
2267
1144
2624
1553
723
195
3772
2877
2736
2199
4222
1891
3845
1679
4034
2917
3100
3487
144
2749
4074
3309
3483
837
2865
4241
2742
4016
1624
363
1762
1870
1071
4325
3035
226
3171
3193
2341
2632
1519
2464
2529
2516
2813
4380
1199
3800
4149
3088
3699
1989
4462
2270
1336
2572
2702
730
3643
1031
3207
4384
1342
2054
3664
3250
1190
2942
665
1244
35
3604
1363
248
1295
977
2754
840
2125
2949
2247
2834
4056
558
986
4432
1077
1482
1202
3679
701
1962
391
1331
966
2299
2480
3437
2696
924
4407
3118
3067
3162
1792
447
1160
3619
1087
4107
2766
1136
280
2190
3662
1876
3079
2012
2930
2849
644
2964
4159
754
524
3007
2042
4182
3651
3366
1080
2346
4475
950
1510
399
4411
3799
1298
10
550
2959
2227
2010
2443
2172
6
4277
1014
1843
1009
2934
188
2566
3142
1982
4186
2129
4132
4422
788
3095
721
402
1413
1276
9
3928
936
3421
1672
2604
3892
2809
2466
3756
2988
3353
763
3010
2458
3476
4490
3198
1773
109
1546
3768
1790
1250
3388
4367
215
2870
34
232
1613
3087
1958
279
1278
2276
2001
237
3838
1249
2441
4210
3339
4216
3028
4245
413
1069
1758
3379
4348
23
912
540
1874
3499
811
1100
899
2657
3329
3990
1410
4219
305
527
2771
3844
346
2093
270
1499
183
36
71
428
2245
2659
1568
4482
639
1638
796
2221
1026
1916
886
2765
3458
1580
2741
2698
554
1044
4289
271
1686
3646
968
1723
1897
2335
22
3520
2724
3141
2625
3393
1987
1657
748
3673
1254
2520
2434
3665
892
3850
374
138
3533
3128
845
114
1056
2896
2998
184
1892
267
1309
901
1844
1642
3890
1479
330
2824
971
3696
3337
1068
42
2115
3361
276
1693
3964
2897
3994
1174
1543
4004
4065
1297
4472
1531
1721
4382
2275
2297
3645
1051
576
762
4005
3805
3536
2477
3881
629
3319
773
2098
4442
2174
1376
1688
2322
4066
3897
2911
1739
3887
272
923
581
1328
193
4180
655
4146
808
2182
3576
2146
1332
2967
2086
2388
278
632
4039
1966
2692
2024
1827
467
1927
3874
4195
2220
4329
386
4264
2524
1799
3174
2850
2918
909
1656
120
969
2785
161
1907
1573
1154
2473
3221
4046
679
4028
2636
3083
588
2653
503
1512
4131
918
3746
2326
1073
1863
66
992
2694
1905
1856
2610
2259
2229
1654
3650
1400
2691
1381
2358
2577
1185
4340
4270
3535
1643
1133
2338
3277
2650
1822
1049
1179
4234
3750
1468
810
3293
3049
2589
2376
2778
1003
1742
4095
249
284
838
1450
2330
1633
145
1845
3752
160
1457
251
3883
4015
1754
2265
4190
4423
1407
2860
1955
2236
4167
2307
438
2599
2810
166
1339
2611
2847
4011
4451
1424
1819
152
3077
3584
4459
2878
2684
3233
474
4238
3085
2252
3440
528
814
1229
4178
1883
2796
602
44
3061
767
1057
2463
2506
896
575
3021
2635
2935
611
3578
1991
1668
3796
1606
1727
3190
1137
2331
4052
2118
2575
3865
4358
815
3902
4425
236
1673
1948
720
2207
3926
1502
3821
1710
4068
2822
2816
191
669
704
1447
961
2356
1667
1314
132
3367
1354
1956
3976
1041
1344
1776
3181
2864
2264
358
3347
1067
1028
509
3143
2167
3091
1419
620
3138
637
987
3401
216
463
2135
1316
2507
398
566
1383
3706
2226
4342
1640
708
793
3546
2385
4193
556
3602
1490
835
3649
1289
3282
1965
60
3074
2717
2411
449
1099
534
4127
4469
3548
2784
468
2025
1509
2938
2013
4196
1791
1954
3182
3167
3771
1507
3577
445
4493
2596
2040
3779
537
1665
2554
3415
3109
4093
3855
1224
3623
2924
115
1442
4225
621
4106
1837
1842
3773
2709
2818
98
1037
538
411
2974
2863
2825
587
1180
3026
2344
3695
1211
3895
3840
208
1979
1219
1301
817
500
1334
3485
2319
2009
2718
1347
1153
3217
443
3960
1695
4352
2568
4355
1781
4164
3425
4002
3136
1959
4307
1923
1114
3005
3806
1941
275
1800
4200
713
544
2649
1341
3406
3963
2686
4417
3914
3507
1789
2948
3328
2889
3717
2835
714
1201
687
1526
2403
1983
1362
3537
523
3242
1879
488
4013
645
4345
3335
3288
72
3654
3788
2522
2212
277
988
3413
1234
3557
2468
2503
2543
3501
1485
3675
1770
563
1239
2556
262
2342
4212
3104
3276
3916
1563
4298
3726
2866
2532
1164
2249
1802
2214
2031
1245
2874
517
3632
1405
1497
4461
1806
4450
1146
1550
1593
3951
2608
3322
3113
4165
2438
4356
382
911
2915
4232
4395
2175
675
2848
3835
1085
2421
623
2682
259
3903
2876
1914
100
1115
1475
1018
1896
3766
3230
1116
